3.446046098073323805e+01
3.416772143046060961e+01
3.404391034444173414e+01
3.397876548767089844e+01
3.399572849273681641e+01
3.402087561289469164e+01
3.408209101359049242e+01
3.414309978485107422e+01
3.416374810536702711e+01
3.416564273834228516e+01
3.417462857564290601e+01
3.417376391092935961e+01
3.418306573232015211e+01
3.418729114532470703e+01
3.420649973551432055e+01
3.419732697804769117e+01
3.420573965708414477e+01
3.420525010426839430e+01
3.420470968882242602e+01
3.420339647928873461e+01
3.422069263458251953e+01
3.424505488077799242e+01
3.425083446502685547e+01
3.426511987050374586e+01
3.425963052113851148e+01
3.427303791046142578e+01
3.429349708557128906e+01
3.428710174560546875e+01
3.429354572296142578e+01
3.428207810719808180e+01
3.428068161010742188e+01
3.428453922271728516e+01
3.429149913787841797e+01
3.430455748240152758e+01
3.431849384307861328e+01
3.431448936462402344e+01
3.430669085184732836e+01
3.430471420288085938e+01
3.429601987202962476e+01
3.427056153615315992e+01
3.424871412913004320e+01
3.428328990936279297e+01
3.429622968037923414e+01
3.430460516611734789e+01
3.426363086700439453e+01
3.428232479095458984e+01
3.428167184193929273e+01
3.428174368540445727e+01
3.428217442830403883e+01
3.427312755584716797e+01
3.429070663452148438e+01
3.427844556172689039e+01
3.428939056396484375e+01
3.427938111623128492e+01
3.429030386606851977e+01
3.429839166005452711e+01
3.428410466512044508e+01
3.426804351806640625e+01
3.427757581075032789e+01
3.427879142761230469e+01
3.427509276072184008e+01
3.426630401611328125e+01
3.426368363698323805e+01
3.429000695546468336e+01
3.428246339162190992e+01
3.427735710144042969e+01
3.426356665293375414e+01
3.427287165323892992e+01
3.429672145843505859e+01
3.429857031504312914e+01
3.427825291951497633e+01
3.426582654317220289e+01
3.425466251373291016e+01
3.425338967641194898e+01
3.425290044148763258e+01
3.426906808217366773e+01
3.425457986195882398e+01
3.426743094126383227e+01
3.426683012644449633e+01
3.426118405659993726e+01
3.425692590077718336e+01
3.427261829376220703e+01
3.429124101003011305e+01
3.429035854339599609e+01
3.429943180084228516e+01
3.428689765930175781e+01
3.429391988118489820e+01
3.430749162038167555e+01
3.429901536305745680e+01
3.429899024963378906e+01
3.428846041361490649e+01
3.428646373748779297e+01
3.428948688507080078e+01
3.429176966349283617e+01
3.430139764149983961e+01
3.431457837422689039e+01
3.430925496419271070e+01
3.429895496368408203e+01
3.430241076151529711e+01
3.429102071126302320e+01
3.426345221201578539e+01
3.423900540669759351e+01
3.427594439188639086e+01
3.428865941365560133e+01
3.429765701293945312e+01
3.424998029073079664e+01
3.427151266733805102e+01
3.427066612243652344e+01
3.427180290222167969e+01
3.427267360687255859e+01
3.426624520619710523e+01
3.428418890635172289e+01
3.427181498209635180e+01
3.428302574157714844e+01
3.427102184295654297e+01
3.427771472930908203e+01
3.428734842936197680e+01
3.427542146046956617e+01
3.425511709849039477e+01
3.426073296864827711e+01
3.426185353597005445e+01
3.425955549875894945e+01
3.425396982828775805e+01
3.424706681569417555e+01
3.427671686808267992e+01
3.426737721761067945e+01
3.426180521647135180e+01
3.425173568725585938e+01
3.426179313659667969e+01
3.428544712066650391e+01
3.429080422719319898e+01
3.427436733245849609e+01
3.425857448577880859e+01
3.424545097351074219e+01
3.424450365702310961e+01
3.424290974934896070e+01
3.425781758626302320e+01
3.424534734090169508e+01
3.425688807169596117e+01
3.425825087229410570e+01
3.425450897216796875e+01
3.425115839640299242e+01
3.426962820688883227e+01
3.428785355885823805e+01
3.428589693705240649e+01
3.429616928100585938e+01
3.428633562723795336e+01
3.429267374674478930e+01
3.430819416046142578e+01
3.430154355367024976e+01
3.429809157053629320e+01
3.428841622670491773e+01
3.428313382466634351e+01
3.428523445129394531e+01
3.428932539621988695e+01
3.429943720499674242e+01
3.431203079223632812e+01
3.430864938100179273e+01
3.429921785990396899e+01
3.430289141337076586e+01
3.429264259338378906e+01
3.426651255289713305e+01
3.424154122670491773e+01
3.427967770894368726e+01
3.429365793863932055e+01
3.430374749501546461e+01
3.425728511810302734e+01
3.427749220530191820e+01
3.427763811747232836e+01
3.427813021341959399e+01
3.427707640329996508e+01
3.427081457773844164e+01
3.428995259602864820e+01
3.427834351857503492e+01
3.429014905293782789e+01
3.428041934967041016e+01
3.428648408253987867e+01
3.429604530334472656e+01
3.428499126434326172e+01
3.426606909434000414e+01
3.426902993520101148e+01
3.426877657572428149e+01
3.426456483205159742e+01
3.426221752166748047e+01
3.425585746765136719e+01
3.428433513641357422e+01
3.427467981974283617e+01
3.426724656422933180e+01
3.425305112202962476e+01
3.426025136311849195e+01
3.428412501017252367e+01
3.428972498575846117e+01
3.427553272247314453e+01
3.426165771484375000e+01
3.425448576609293383e+01
3.425429662068685133e+01
3.425387763977050781e+01
3.426983197530110914e+01
3.425910886128743726e+01
3.426759815216064453e+01
3.426603507995605469e+01
3.425968074798583984e+01
3.425299294789632398e+01
3.427031675974527758e+01
3.428867276509603101e+01
3.428840223948160570e+01
3.430071004231771070e+01
3.429233582814534742e+01
3.429900105794271070e+01
3.431599235534667969e+01
3.430787372589111328e+01
3.430728721618652344e+01
3.429853057861328125e+01
3.429586633046468336e+01
3.429770565032958984e+01
3.430395158131917555e+01
3.431279087066650391e+01
3.432284832000732422e+01
3.431732177734375000e+01
3.430758666992187500e+01
3.431298065185546875e+01
3.430344136555989820e+01
3.427842362721761305e+01
3.425749619801839430e+01
3.429811255137125414e+01
3.431245390574137133e+01
3.432267475128173828e+01
3.427615896860758227e+01
3.429346497853597242e+01
3.429229927062988281e+01
3.429270521799723070e+01
3.429186216990152758e+01
3.428605524698892992e+01
3.430441252390543383e+01
3.429218133290608961e+01
3.430366039276123047e+01
3.429375235239664477e+01
3.430064201354980469e+01
3.430975659688314039e+01
3.429841009775797289e+01
3.427834637959798414e+01
3.428314812978108961e+01
3.428176911671956617e+01
3.427917480468750000e+01
3.427346261342366773e+01
3.426681804656982422e+01
3.429818153381347656e+01
3.428896236419677734e+01
3.428416856129964430e+01
3.427168941497802734e+01
3.428060499827066820e+01
3.430320390065511305e+01
3.430915387471517164e+01
3.429122289021810133e+01
3.427622858683267992e+01
3.426539580027262133e+01
3.426380983988443774e+01
3.426357650756835938e+01
3.427806631724039477e+01
3.427231915791829664e+01
3.428285598754882812e+01
3.428432941436767578e+01
3.427910963694254320e+01
3.427506001790364820e+01
3.429058583577474195e+01
3.430791950225830078e+01
3.430551115671793383e+01
3.431403573354085523e+01
3.430472819010416430e+01
3.431023184458414477e+01
3.432669544219970703e+01
3.431696637471517164e+01
3.431483904520670336e+01
3.430580902099609375e+01
3.430258369445800781e+01
3.430468082427978516e+01
3.431171067555745680e+01
3.432147630055745680e+01
3.433059787750244141e+01
3.432605552673339844e+01
3.431493473052978516e+01
3.431957181294759351e+01
3.430867608388265211e+01
3.428278509775797289e+01
3.426089922587076586e+01
3.430176353454589844e+01
3.431766764322916430e+01
3.432788880666097242e+01
3.428359476725260180e+01
3.430149269104003906e+01
3.430045445760091383e+01
3.430170281728108961e+01
3.430032030741373461e+01
3.429332701365152758e+01
3.431064955393473070e+01
3.429738521575927734e+01
3.430751927693685133e+01
3.429907099405924242e+01
3.430534013112386305e+01
3.431560420989990234e+01
3.430370299021402758e+01
3.428445370992024976e+01
3.428936481475830078e+01
3.429036649068196851e+01
3.428610738118489820e+01
3.428150526682535570e+01
3.427553653717041016e+01
3.430295689900716383e+01
3.429341411590576172e+01
3.428623867034912109e+01
3.427351442972818774e+01
3.428171189626058180e+01
3.430303732554117602e+01
3.430920505523681641e+01
3.429256852467855055e+01
3.427753035227457445e+01
3.426959419250488281e+01
3.426846313476562500e+01
3.426638603210449219e+01
3.428103733062744141e+01
3.427173550923665601e+01
3.428139400482177734e+01
3.428158378601074219e+01
3.427632999420166016e+01
3.426957639058431226e+01
3.428626251220703125e+01
3.430534966786702711e+01
3.430493863423665601e+01
3.431641356150309008e+01
3.430839633941650391e+01
3.431544812520345289e+01
3.433282375335693359e+01
3.432377688090006274e+01
3.432161331176757812e+01
3.431182829538980883e+01
3.430904579162597656e+01
3.431064891815185547e+01
3.431725056966146070e+01
3.432583268483480055e+01
3.433472728729248047e+01
3.432991250356038648e+01
3.431990369160970289e+01
3.432456588745117188e+01
3.431321334838867188e+01
3.428531106313069898e+01
3.426263872782389086e+01
3.430427583058675367e+01
3.431837844848632812e+01
3.432990996042887133e+01
3.428548494974771899e+01
3.430381488800048828e+01
3.430346425374349195e+01
3.430384922027587891e+01
3.430243078867594164e+01
3.429450893402099609e+01
3.431195163726806641e+01
3.429937998453775805e+01
3.430989424387613695e+01
3.430119800567626953e+01
3.430752849578857422e+01
3.431882031758626539e+01
3.430663776397705078e+01
3.428711160024007398e+01
3.429378350575765211e+01
3.429367574055989820e+01
3.429083855946858961e+01
