3.455539385477701586e+01
3.437826506296793383e+01
3.429733435312906664e+01
3.426740964253743726e+01
3.426828702290853101e+01
3.427736250559488695e+01
3.429146099090576172e+01
3.430205090840657789e+01
3.431779988606771070e+01
3.433006668090820312e+01
3.434359709421793383e+01
3.435508124033609789e+01
3.436924012502034742e+01
3.436807537078857422e+01
3.437886714935302734e+01
3.439341767628987867e+01
3.441490999857584399e+01
3.442534987131754320e+01
3.442555650075276930e+01
3.443202400207519531e+01
3.442368380228678149e+01
3.442405478159586352e+01
3.443452580769857008e+01
3.443306287129720289e+01
3.443681716918945312e+01
3.444408671061197680e+01
3.444989140828450758e+01
3.444436550140380859e+01
3.444669977823892992e+01
3.444515355428060133e+01
3.445656840006510180e+01
3.445872433980306226e+01
3.445934708913167555e+01
3.446640841166178149e+01
3.446052742004394531e+01
3.447955576578775805e+01
3.447776317596435547e+01
3.447370497385660570e+01
3.448026720682779711e+01
3.446816603342691820e+01
3.446530151367187500e+01
3.448198159535726148e+01
3.448563639322916430e+01
3.448611100514730055e+01
3.449268182118733961e+01
3.447904427846273023e+01
3.446073436737060547e+01
3.444778283437093336e+01
3.445264053344726562e+01
3.444614028930664062e+01
3.443465328216552734e+01
3.446938927968343336e+01
3.447467390696207445e+01
3.446061865488687914e+01
3.445078309377034742e+01
3.444293244679769117e+01
3.445362154642740649e+01
3.444423707326253492e+01
3.443671099344889086e+01
3.443026638031005859e+01
3.444673665364583570e+01
3.445577017466226977e+01
3.446537335713704664e+01
3.446488666534423828e+01
3.445805009206136305e+01
3.444529565175374586e+01
3.444516563415527344e+01
3.445139503479003906e+01
3.445594215393066406e+01
3.445519987742105883e+01
3.445608615875244141e+01
3.445911566416422289e+01
3.446282482147216797e+01
3.446563688913980883e+01
3.447306029001871508e+01
3.446298440297444898e+01
3.446722030639648438e+01
3.447447935740152758e+01
3.448920059204101562e+01
3.449491977691650391e+01
3.449181016286214430e+01
3.449634710947672289e+01
3.448395315806070727e+01
3.448063913981119555e+01
3.448954900105794508e+01
3.448650773366292555e+01
3.448646704355875414e+01
3.448904959360758227e+01
3.449394989013671875e+01
3.448732503255208570e+01
3.448837121327718336e+01
3.448588116963704664e+01
3.449543666839599609e+01
3.449587980906168383e+01
3.449522590637207031e+01
3.450120417277017992e+01
3.449412822723388672e+01
3.451130580902099609e+01
3.450997225443521899e+01
3.450408204396565992e+01
3.451072120666503906e+01
3.449776903788248461e+01
3.449567222595214844e+01
3.451110839843750000e+01
3.451441701253255445e+01
3.451609357198079664e+01
3.452227814992269117e+01
3.450755119323730469e+01
3.448920440673828125e+01
3.447614288330078125e+01
3.448042519887288648e+01
3.447135289510091383e+01
3.445909500122070312e+01
3.449361038208007812e+01
3.449815336863199633e+01
3.448327477773030836e+01
3.447258504231771070e+01
3.446467463175455492e+01
3.447477181752523023e+01
3.446546141306559008e+01
3.445735518137613695e+01
3.445140552520751953e+01
3.446785036722818774e+01
3.447654946645101148e+01
3.448568471272786695e+01
3.448502731323242188e+01
3.447874546051025391e+01
3.446628348032633227e+01
3.446633942921956617e+01
3.447101179758707445e+01
3.447527249654134351e+01
3.447372595469156664e+01
3.447438494364420336e+01
3.447711277008056641e+01
3.447947120666503906e+01
3.448294862111409742e+01
3.449020862579345703e+01
3.448100248972574633e+01
3.448482831319173414e+01
3.449160734812418383e+01
3.450587717692057055e+01
3.451141007741292555e+01
3.450804551442464430e+01
3.451204363505045336e+01
3.449999014536539477e+01
3.449764887491861742e+01
3.450598526000976562e+01
3.450276756286621094e+01
3.450206375122070312e+01
3.450349839528401930e+01
3.450858402252197266e+01
3.450161679585774976e+01
3.450097465515136719e+01
3.449723370869954664e+01
3.450608348846435547e+01
3.450611400604248047e+01
3.450553417205810547e+01
3.451183954874674242e+01
3.450431315104166430e+01
3.452157211303710938e+01
3.451992003122965258e+01
3.451489130655924242e+01
3.452224286397298414e+01
3.450933742523193359e+01
3.450655555725097656e+01
3.452233155568440992e+01
3.452577972412109375e+01
3.452578544616699219e+01
3.453106021881103516e+01
3.451675637563069898e+01
3.449902852376302320e+01
3.448669433593750000e+01
3.449040126800537109e+01
3.448189830780029297e+01
3.446921571095784742e+01
3.450374857584635180e+01
3.450772444407144945e+01
3.449314467112223070e+01
3.448174540201822680e+01
3.447449175516764086e+01
3.448405456542968750e+01
3.447490342458089430e+01
3.446677525838216383e+01
3.446102364857991773e+01
3.447731844584146899e+01
3.448561223347982008e+01
3.449561977386474609e+01
3.449516550699869555e+01
3.448880990346273023e+01
3.447645155588785570e+01
3.447592004140218336e+01
3.448048305511474609e+01
3.448378912607828539e+01
3.448252550760904711e+01
3.448279635111490649e+01
3.448567581176757812e+01
3.448715305328369141e+01
3.449057515462239820e+01
3.449838924407958984e+01
3.448977152506510180e+01
3.449258550008138258e+01
3.449893442789713305e+01
3.451337337493896484e+01
3.451848793029785156e+01
3.451572863260904711e+01
3.451910495758056641e+01
3.450703080495198805e+01
3.450479793548583984e+01
3.451283391316732008e+01
3.450951067606607836e+01
3.450877730051676195e+01
3.451092338562011719e+01
3.451650333404541016e+01
3.450984160105387133e+01
3.450852775573730469e+01
3.450453344980875414e+01
3.451382541656494141e+01
3.451464144388834399e+01
3.451364040374755859e+01
3.452049001057942945e+01
3.451268355051676195e+01
3.453004042307535570e+01
3.452738571166992188e+01
3.452284590403238695e+01
3.452912267049153883e+01
3.451593589782714844e+01
3.451249599456787109e+01
3.452818234761556226e+01
3.453291320800781250e+01
3.453262678782144945e+01
3.453730837504068774e+01
3.452240498860677320e+01
3.450567213694254320e+01
3.449330393473307055e+01
3.449677117665608961e+01
3.448892911275228101e+01
3.447622044881185133e+01
3.451131502787271899e+01
3.451446151733398438e+01
3.450087420145670336e+01
3.448955726623535156e+01
3.448264439900716383e+01
3.449177805582682055e+01
3.448185793558756274e+01
3.447413762410482008e+01
3.446911398569742602e+01
3.448415565490722656e+01
3.449155966440836352e+01
3.450125821431478101e+01
3.450111452738443774e+01
3.449424934387207031e+01
3.448156642913818359e+01
3.448128382364908617e+01
3.448591899871826172e+01
3.449052556355794508e+01
3.448927974700927734e+01
3.448967520395914477e+01
3.449284966786702711e+01
3.449390538533528883e+01
3.449728012084960938e+01
3.450516955057779711e+01
3.449609692891439039e+01
3.449912993113199633e+01
3.450496959686279297e+01
3.451886749267578125e+01
3.452370357513427734e+01
3.452056312561035156e+01
3.452321688334146899e+01
3.451128546396891039e+01
3.450907834370931226e+01
3.451698335011800367e+01
3.451408354441324633e+01
3.451362641652425367e+01
3.451581637064615649e+01
3.452129109700521070e+01
3.451495838165283203e+01
3.451355044047037524e+01
3.450954659779866773e+01
3.451863765716552734e+01
3.451918315887451172e+01
3.451794179280599195e+01
3.452448972066243726e+01
3.451618671417236328e+01
3.453399658203125000e+01
3.453219795227050781e+01
3.452720355987548828e+01
3.453316879272460938e+01
3.452000649770101148e+01
3.451749547322591383e+01
3.453309154510498047e+01
3.453740723927815992e+01
3.453586991628011305e+01
3.454114723205566406e+01
3.452707227071126539e+01
3.451006635030110914e+01
3.449782975514730055e+01
3.450178019205728930e+01
3.449351501464843750e+01
3.448081779479980469e+01
3.451516755421956617e+01
3.451824315388997633e+01
3.450419934590657789e+01
3.449283091227213305e+01
3.448533153533935547e+01
3.449391396840413648e+01
3.448358313242594164e+01
3.447537549336751539e+01
3.447056802113851148e+01
3.448738543192545336e+01
3.449538294474283617e+01
3.450452931722005445e+01
3.450407568613687914e+01
3.449812730153401930e+01
3.448574129740396899e+01
3.448560555775960523e+01
3.449026425679524976e+01
3.449454275767008227e+01
3.449382623036702711e+01
3.449326483408609789e+01
3.449603652954101562e+01
3.449712276458740234e+01
3.450032138824462891e+01
3.450850168863932055e+01
3.449990463256835938e+01
3.450253391265869141e+01
3.450755691528320312e+01
3.452163346608480055e+01
3.452674325307210523e+01
3.452368704477945727e+01
3.452654584248860914e+01
3.451490910847982008e+01
3.451307074228922289e+01
3.452115249633789062e+01
3.451801300048828125e+01
3.451722081502278883e+01
3.451909796396891039e+01
3.452407932281494141e+01
3.451734129587809008e+01
3.451524384816487867e+01
3.451120408376058180e+01
3.452086448669433594e+01
3.452211666107177734e+01
3.452025922139485914e+01
3.452673562367757398e+01
3.451877562204996508e+01
3.453644180297851562e+01
3.453472709655761719e+01
3.452971871693929273e+01
3.453604698181152344e+01
3.452214082082112867e+01
3.451955890655517578e+01
3.453577232360839844e+01
3.454009469350179273e+01
3.453939628601074219e+01
3.454393005371093750e+01
3.452936649322509766e+01
3.451292133331298828e+01
3.450108877817789477e+01
3.450500265757242602e+01
3.449632167816162109e+01
3.448383490244547289e+01
3.451943238576253492e+01
3.452272224426269531e+01
3.450888888041178149e+01
3.449781322479248047e+01
3.449042352040608961e+01
3.449905268351236742e+01
3.448915576934814453e+01
3.448070494333902758e+01
3.447562599182128906e+01
3.449180666605631274e+01
3.449995549519857008e+01
