1.760898399353027344e+01
1.766789245605468750e+01
1.768887583414713660e+01
1.789660596847534180e+01
1.799849939346313477e+01
1.805973974863688269e+01
1.791115363438924035e+01
1.788520685831705848e+01
1.791341590881347656e+01
1.810547081629435340e+01
1.815592018763224402e+01
1.812571748097737512e+01
1.804395691553751746e+01
1.803204600016276160e+01
1.804456456502278527e+01
1.808752775192260742e+01
1.801643530527750769e+01
1.799549118677775184e+01
1.809740447998046875e+01
1.807679684956868371e+01
1.806166569391886512e+01
1.823202816645304480e+01
1.811244837443033973e+01
1.799273331960042199e+01
1.814277776082356652e+01
1.821312554677327356e+01
1.805347665150960168e+01
1.805754407246907434e+01
1.807459513346354285e+01
1.827324326833089074e+01
1.824317057927449426e+01
1.835514593124389648e+01
1.836071077982584754e+01
1.827968676884968957e+01
1.829613113403320312e+01
1.836183706919352332e+01
1.830017582575480262e+01
1.826232179005940637e+01
1.823209921518961707e+01
1.836978578567504883e+01
1.832551352183024207e+01
1.827615022659301758e+01
1.838770405451456824e+01
1.834896437327067176e+01
1.821220127741495887e+01
1.819236024220784387e+01
1.820401795705159387e+01
1.826574468612670898e+01
1.821302684148152551e+01
1.832075564066569129e+01
1.845487594604492188e+01
1.820867443084716797e+01
1.817527008056640625e+01
1.830622990926106652e+01
1.836372327804565430e+01
1.837088727951049805e+01
1.833466672897338867e+01
1.836455424626668176e+01
1.834536616007487098e+01
1.827786556879679480e+01
1.822646268208821496e+01
1.833780288696289062e+01
1.819640588760375977e+01
1.807096401850382605e+01
1.800925779342651367e+01
1.812829240163167199e+01
1.819693597157796106e+01
1.822319936752319336e+01
1.806281264623006066e+01
1.800681145985921106e+01
1.801516644159952918e+01
1.819328117370605469e+01
1.823398415247599402e+01
1.819688733418782434e+01
1.811162630716959754e+01
1.809096161524454871e+01
1.809922981262207031e+01
1.812922875086466590e+01
1.805274613698323449e+01
1.803272104263305664e+01
1.813205289840698242e+01
1.811171261469523230e+01
1.809364414215087891e+01
1.826215839385986328e+01
1.814162079493204871e+01
1.802223459879557410e+01
1.816832685470581055e+01
1.823404963811238488e+01
1.807678111394246301e+01
1.808114687601725379e+01
1.810074885686238488e+01
1.829648574193318566e+01
1.826397514343261719e+01
1.837593746185302734e+01
1.837996816635131836e+01
1.829637893040974816e+01
1.831332365671793738e+01
1.837889703114827356e+01
1.831511561075846473e+01
1.827773221333821496e+01
1.824979782104492188e+01
1.838607025146484375e+01
1.834038146336873254e+01
1.829267613093058387e+01
1.840553760528564453e+01
1.836616913477579871e+01
1.822808138529459754e+01
1.820825799306233606e+01
1.821964550018310547e+01
1.828242858250935754e+01
1.822711912790934363e+01
1.833354457219441613e+01
1.846997690200805664e+01
1.822336641947428504e+01
1.819104862213134766e+01
1.832181851069132605e+01
1.837784306208292762e+01
1.838601462046305457e+01
1.834996398289998254e+01
1.838039366404215613e+01
1.836084493001301965e+01
1.829339027404785156e+01
1.824288209279378137e+01
1.835364643732706824e+01
1.821035814285278320e+01
1.808476463953654090e+01
1.802489296595255652e+01
1.814343770345051965e+01
1.821027135848999023e+01
1.823389482498168945e+01
1.807523520787556848e+01
1.801857821146647254e+01
1.802715778350830078e+01
1.820345687866210938e+01
1.824313815434773645e+01
1.820702107747395715e+01
1.812227169672648230e+01
1.810344600677490234e+01
1.811148309707641602e+01
1.814083528518676758e+01
1.806397755940755090e+01
1.804379494984944543e+01
1.814401038487752160e+01
1.812359809875488281e+01
1.810753281911214074e+01
1.827512423197428504e+01
1.815401268005371094e+01
1.803525622685750207e+01
1.818052069346110144e+01
1.824425077438354492e+01
1.808810981114705285e+01
1.809045251210530481e+01
1.810663286844889441e+01
1.830125665664672852e+01
1.826836299896240234e+01
1.838167063395182410e+01
1.838488737742106238e+01
1.830299313863118371e+01
1.831897830963134766e+01
1.838481632868449012e+01
1.832267793019612512e+01
1.828802490234375000e+01
1.826044019063313684e+01
1.839573637644449988e+01
1.835044399897257605e+01
1.830512317021687707e+01
1.841675345102946082e+01
1.837319103876749793e+01
1.823531134923299035e+01
1.821649233500162879e+01
1.822874530156453332e+01
1.829021453857421875e+01
1.823479382197062293e+01
1.834183152516682824e+01
1.847730954488118371e+01
1.823206106821696082e+01
1.819858312606811523e+01
1.832904847462971887e+01
1.838337071736653527e+01
1.839222876230875769e+01
1.835535065333048621e+01
1.838578001658121863e+01
1.836641661326090613e+01
1.829962682723999023e+01
1.824856996536254883e+01
1.835959386825561523e+01
1.821661885579426965e+01
1.809068568547566613e+01
1.803204615910847863e+01
1.815030543009440223e+01
1.821625868479410926e+01
1.823973544438679895e+01
1.808013391494750977e+01
1.802438370386759559e+01
1.803252538045247277e+01
1.820967054367065430e+01
1.824848747253417969e+01
1.821240981419881066e+01
1.812925513585408410e+01
1.810998217264811316e+01
1.811563730239868164e+01
1.814533058802286902e+01
1.806920146942138672e+01
1.804821046193440637e+01
1.814981301625569543e+01
1.812839476267496863e+01
1.811396646499633789e+01
1.828009335199991980e+01
1.815868854522705078e+01
1.803911940256754676e+01
1.818497769037882605e+01
1.824883524576823035e+01
1.809451309839884559e+01
1.809521357218424598e+01
1.810994386672973633e+01
1.830604044596354285e+01
1.827403895060221473e+01
1.838990100224812707e+01
1.839377212524414062e+01
1.831211010615031043e+01
1.832883675893147668e+01
1.839346551895141602e+01
1.832797431945800781e+01
1.829293457667032996e+01
1.826483980814616004e+01
1.839966313044230262e+01
1.835357713699340820e+01
1.830937290191650391e+01
1.842184066772460938e+01
1.837736686070759973e+01
1.823758141199747840e+01
1.821884759267171106e+01
1.823244444529215613e+01
1.829466644922892371e+01
1.823970476786295691e+01
1.834785715738932410e+01
1.848382059733073035e+01
1.823693895339965820e+01
1.820187902450561523e+01
1.833490498860676965e+01
1.838898897171020508e+01
1.839802773793538293e+01
1.835905011494954309e+01
1.838913790384928504e+01
1.837035290400187293e+01
1.830319992701212684e+01
1.824978542327880859e+01
1.836085812250773230e+01
1.821757348378499231e+01
1.809192800521850586e+01
1.803308264414469519e+01
1.815315755208333215e+01
1.821883773803710938e+01
1.824234978357950965e+01
1.808453369140625000e+01
1.802879397074381629e+01
1.803815571467081824e+01
1.821432526906331262e+01
1.825226799647013465e+01
1.821744124094645301e+01
1.813305934270222863e+01
1.811409362157185754e+01
1.812057987848917762e+01
1.814760557810465613e+01
1.807017469406127930e+01
1.805025609334309777e+01
1.815101035435994348e+01
1.812979745864868164e+01
1.811590592066447059e+01
1.828072929382324219e+01
1.815983629226684570e+01
1.804164822896321496e+01
1.818649069468180457e+01
1.825108114878336707e+01
1.809612099329630652e+01
1.809769233067830285e+01
1.811186949412028113e+01
1.830879688262939453e+01
1.827631505330403527e+01
1.839207903544108191e+01
1.839549366633097449e+01
1.831254895528157434e+01
1.832964213689168176e+01
1.839491399129231652e+01
1.832940101623535156e+01
1.829383802413940430e+01
1.826593430836995324e+01
1.840141169230143348e+01
1.835681549708048621e+01
1.831221055984497070e+01
1.842367029190063477e+01
1.837826983133951941e+01
1.824098062515258789e+01
1.822304852803548059e+01
1.823630030949910363e+01
1.829969199498494348e+01
1.824302498499552527e+01
1.835095230738322059e+01
1.848712189992268762e+01
1.823959811528523645e+01
1.820230038960774621e+01
1.833384847640991211e+01
1.838726377487182617e+01
1.839575322469075402e+01
1.835733509063720703e+01
1.838788747787475586e+01
1.836883719762166223e+01
1.830426295598347863e+01
1.825373983383178711e+01
1.836358928680419922e+01
1.821917756398518762e+01
1.809525473912556848e+01
1.803744268417358398e+01
1.815634648005167762e+01
1.822330443064371863e+01
1.824634408950805664e+01
1.808876546223958215e+01
1.803331804275512695e+01
1.804013411204020301e+01
1.821697902679443359e+01
1.825455713272094727e+01
1.821897236506144324e+01
1.813475131988525391e+01
1.811514981587727746e+01
1.812029870351155481e+01
1.814801788330078125e+01
1.807181342442830285e+01
1.805098756154378137e+01
1.815173562367757043e+01
1.813186105092366418e+01
1.811903572082519531e+01
1.828488381703694543e+01
1.816345850626627723e+01
1.804358148574829102e+01
1.818857034047444543e+01
1.825262022018432617e+01
1.809771649042765418e+01
1.809726810455322266e+01
1.811161899566650391e+01
1.830974419911702356e+01
1.827967007954915246e+01
1.839624102910359582e+01
1.839796733856201172e+01
1.831627337137858191e+01
1.833465687433878699e+01
1.839909299214680871e+01
1.833325004577636719e+01
1.829673751195271691e+01
1.826767253875732422e+01
1.840180619557698449e+01
1.835738531748453894e+01
1.831452480951945105e+01
1.842587375640869141e+01
1.838010613123575965e+01
1.824182669321696082e+01
1.822277482350667199e+01
1.823719278971354285e+01
1.829950269063313684e+01
1.824238475163777551e+01
1.835078875223795691e+01
1.848798481623331824e+01
1.824075984954833984e+01
1.820523945490519324e+01
1.833736435572306434e+01
1.839131609598795691e+01
1.839959621429443359e+01
1.836249907811482629e+01
1.839207792282104492e+01
1.837073437372843543e+01
1.830581140518188477e+01
1.825576591491699219e+01
1.836769215265909949e+01
