1.793651358286539832e+01
1.789853874842325965e+01
1.789058844248453894e+01
1.790778811772664270e+01
1.796479638417561731e+01
1.802876313527425012e+01
1.791865809758504113e+01
1.795829534530639648e+01
1.799697732925415039e+01
1.796207682291666785e+01
1.799652004241943359e+01
1.811994059880574426e+01
1.800108019510905066e+01
1.795047442118326941e+01
1.814268541336059570e+01
1.811403846740722656e+01
1.796795940399169922e+01
1.794977299372355262e+01
1.799020385742187500e+01
1.815986045201619348e+01
1.811937125523884973e+01
1.820577891667683801e+01
1.822326231002807617e+01
1.815732796986897668e+01
1.816939433415730676e+01
1.825100040435791016e+01
1.814912096659342566e+01
1.812370602289835730e+01
1.818760792414347449e+01
1.830510886510213098e+01
1.822467899322509766e+01
1.819954172770182410e+01
1.832131354014078894e+01
1.835666195551554480e+01
1.826543140411376953e+01
1.825470081965128699e+01
1.824586598078409949e+01
1.831409915288289270e+01
1.826593542098999023e+01
1.837001180648803711e+01
1.842024787267049035e+01
1.820913251241048059e+01
1.823806079228718957e+01
1.831878550847371301e+01
1.837209606170654297e+01
1.837199687957763672e+01
1.834489949544270715e+01
1.837690671284993371e+01
1.835769255956013879e+01
1.828897349039713660e+01
1.826729520161946496e+01
1.839070542653401574e+01
1.839552720387776574e+01
1.829662815729777137e+01
1.835063139597574988e+01
1.839081382751464844e+01
1.845930544535319129e+01
1.854988686243693152e+01
1.859577925999959191e+01
1.853391154607136926e+01
1.849752426147460938e+01
1.828004455566406250e+01
1.819307708740234375e+01
1.816507116953532019e+01
1.814824565251668176e+01
1.815705013275146484e+01
1.818463277816772461e+01
1.804922103881835938e+01
1.805846865971883020e+01
1.808952363332112512e+01
1.804100577036539832e+01
1.806214841206868371e+01
1.817992417017618934e+01
1.805661392211914062e+01
1.800627883275349816e+01
1.818961826960245887e+01
1.815709702173868934e+01
1.802001063028971473e+01
1.799928951263427734e+01
1.803399562835693359e+01
1.820066006978352746e+01
1.815742746988932410e+01
1.823866860071818152e+01
1.825135596593220910e+01
1.818466504414876184e+01
1.819469149907429895e+01
1.827279822031657019e+01
1.816627136866251746e+01
1.814082113901774207e+01
1.819996039072672644e+01
1.831682078043619910e+01
1.823594808578491211e+01
1.821502796808878699e+01
1.833595212300618371e+01
1.836702696482340613e+01
1.827311372756958008e+01
1.826323620478312293e+01
1.825308338801066199e+01
1.832485834757487098e+01
1.827454392115275184e+01
1.837692578633626184e+01
1.842651398976643762e+01
1.821863698959350586e+01
1.824588076273600379e+01
1.832601165771484375e+01
1.837617937723795691e+01
1.837777487436930457e+01
1.834733804066975793e+01
1.838285525639851770e+01
1.836453024546305457e+01
1.829796695709228516e+01
1.827351363499959191e+01
1.839858420689900598e+01
1.840414857864379883e+01
1.830399481455485144e+01
1.835423739751179895e+01
1.839566882451375207e+01
1.846401596069335938e+01
1.855142466227213660e+01
1.859399541219075402e+01
1.853214295705159387e+01
1.849793767929077148e+01
1.828231509526570520e+01
1.819297806421915809e+01
1.816900777816772461e+01
1.814855829874674598e+01
1.815808645884196082e+01
1.818757009506225586e+01
1.805070702234904090e+01
1.805910396575927734e+01
1.809314298629760742e+01
1.804515838623046875e+01
1.806523847579956055e+01
1.818048588434855262e+01
1.805835851033528527e+01
1.800753657023112098e+01
1.818894688288370887e+01
1.815780178705851355e+01
1.802132685979207238e+01
1.800119288762410363e+01
1.803400309880574426e+01
1.820049985249837121e+01
1.815863259633382043e+01
1.823949607213338098e+01
1.825037256876627723e+01
1.818443791071574012e+01
1.819664780298868934e+01
1.827512200673421106e+01
1.817056004206339637e+01
1.814759747187296668e+01
1.820242881774902344e+01
1.831945816675822059e+01
1.823715051015217981e+01
1.821582031250000000e+01
1.833796707789103309e+01
1.836753098169962684e+01
1.827449878056843957e+01
1.826511192321777344e+01
1.825612958272298059e+01
1.832757441202799598e+01
1.827816867828369141e+01
1.837943490346272668e+01
1.842999585469563684e+01
1.822336117426554480e+01
1.825142923990885535e+01
1.833257548014323035e+01
1.838181177775065223e+01
1.838332080841064453e+01
1.835378789901733398e+01
1.838822396596272668e+01
1.836930640538533410e+01
1.830377562840779504e+01
1.827884213129679480e+01
1.840476163228352746e+01
1.840995391209920129e+01
1.831092389424641809e+01
1.835939868291218957e+01
1.840148099263508996e+01
1.847014824549357215e+01
1.855895932515462121e+01
1.860016632080078125e+01
1.853802426656087121e+01
1.850261481602986535e+01
1.828894853591918945e+01
1.819995737075805664e+01
1.817480357487996301e+01
1.815266148249308387e+01
1.816126728057861328e+01
1.818752606709798059e+01
1.805018075307210168e+01
1.805839268366495887e+01
1.809410015741984168e+01
1.804788287480672082e+01
1.806814273198445520e+01
1.818660751978556434e+01
1.806415494283040246e+01
1.801552279790242395e+01
1.819570589065551758e+01
1.816562430063883582e+01
1.802781089146931848e+01
1.800594520568847656e+01
1.803748814264933387e+01
1.820164076487223426e+01
1.816057634353637695e+01
1.824177010854085168e+01
1.825276072820027551e+01
1.818841171264648438e+01
1.820317331949869910e+01
1.828104321161906043e+01
1.817628860473632812e+01
1.815325800577799598e+01
1.821021397908528527e+01
1.832720216115315637e+01
1.824716822306315223e+01
1.822399218877156457e+01
1.834640916188557824e+01
1.837406746546427527e+01
1.828028662999470910e+01
1.826999330520629883e+01
1.826278750101725379e+01
1.833520714441935340e+01
1.828433958689371863e+01
1.838775904973347863e+01
1.844104035695393762e+01
1.823438978195190430e+01
1.826134204864501953e+01
1.834227736790974816e+01
1.838976923624674598e+01
1.838953034083048621e+01
1.836030054092407227e+01
1.839488824208577356e+01
1.837701431910197059e+01
1.831178077061970910e+01
1.828547414143880090e+01
1.841106780370076379e+01
1.841539541880289832e+01
1.831798044840494910e+01
1.836479743321736535e+01
1.840737326939900598e+01
1.847581624984741211e+01
1.856310876210530481e+01
1.860566345850626746e+01
1.854284286499023438e+01
1.850973224639892578e+01
1.829280058542887488e+01
1.820460907618204871e+01
1.818164221445719519e+01
1.815967067082722863e+01
1.816936953862508020e+01
1.819658549626668176e+01
1.805974721908569336e+01
1.806638781229655066e+01
1.810265413920084754e+01
1.805443159739176551e+01
1.807507181167602539e+01
1.819177770614624023e+01
1.806994994481404504e+01
1.802051575978596887e+01
1.820115900039672852e+01
1.817348305384318152e+01
1.803638251622517785e+01
1.801576391855875769e+01
1.804641294479370117e+01
1.821192375818888465e+01
1.817034832636515418e+01
1.825150156021118164e+01
1.826022450129191199e+01
1.819390455881754676e+01
1.820870653788248816e+01
1.828534936904907227e+01
1.817857694625854492e+01
1.815409564971923828e+01
1.821038452784220496e+01
1.832807111740112305e+01
1.824671570460001746e+01
1.822496525446574012e+01
1.834938557942708215e+01
1.837799135843912879e+01
1.828297519683837891e+01
1.827325709660847863e+01
1.826427253087361535e+01
1.833746242523193359e+01
1.828635088602701941e+01
1.838923199971516809e+01
1.844307486216227332e+01
1.823697376251220703e+01
1.826494566599528113e+01
1.834532864888508996e+01
1.839380089441935340e+01
1.839414087931315223e+01
1.836508893966674805e+01
1.839921410878499231e+01
1.838050746917724609e+01
1.831422503789265832e+01
1.828710508346557617e+01
1.841274738311767578e+01
1.841740242640177527e+01
1.832057682673136512e+01
1.836732387542724609e+01
1.840999555587768555e+01
1.847804959615071496e+01
1.856679709752400598e+01
1.860968144734700402e+01
1.854758898417155066e+01
1.851111682256062707e+01
1.829548549652099609e+01
1.820767418543497840e+01
1.818236939112345496e+01
1.816136058171590051e+01
1.816934299468994141e+01
1.819647185007731238e+01
1.805916261672973633e+01
1.806492964426676551e+01
1.810149685541788855e+01
1.805443493525187293e+01
1.807641029357910156e+01
1.819455242156982422e+01
1.807265806198120117e+01
1.802225478490193566e+01
1.820271825790405273e+01
1.817314179738362512e+01
1.803658533096313477e+01
1.801393175125122070e+01
1.804478693008422852e+01
1.820847749710083008e+01
1.816825485229492188e+01
1.825126584370930871e+01
1.826026932398478309e+01
1.819588994979858398e+01
1.821073325475056848e+01
1.828863779703776160e+01
1.818168497085571289e+01
1.815854120254516602e+01
1.821477238337199012e+01
1.833142836888631066e+01
1.824951887130737305e+01
1.822716983159383020e+01
1.835037406285603723e+01
1.837675841649373254e+01
1.828268480300903320e+01
1.827449639638264856e+01
1.826684029897053918e+01
1.833926041920979699e+01
1.828817097345988074e+01
1.839066267013549805e+01
1.844363196690877160e+01
1.823734919230143348e+01
1.826426362991333008e+01
1.834624052047729492e+01
1.839460213979085168e+01
1.839505640665690223e+01
1.836668173472086707e+01
1.840032752354939660e+01
1.838204908370971680e+01
1.831420214970906457e+01
1.828833913803100586e+01
1.841471894582112512e+01
1.841877937316894531e+01
1.832278903325398645e+01
1.836966673533121863e+01
1.841356436411539832e+01
1.848110040028889856e+01
1.856846968332926551e+01
1.861302455266316613e+01
1.855068016052246094e+01
1.851483758290608606e+01
