3.471468480428060133e+01
3.471186033884684008e+01
3.471187814076741773e+01
3.471229044596353930e+01
3.471276505788167555e+01
3.471309185028076172e+01
3.471344470977783203e+01
3.471357917785644531e+01
3.471338589986165601e+01
3.471326986948648852e+01
3.471320438385009766e+01
3.471315224965413648e+01
3.471317704518636305e+01
3.471319961547851562e+01
3.471305878957112867e+01
3.471306196848551195e+01
3.471314366658528883e+01
3.471314080556233961e+01
3.471313603719075758e+01
3.471304480234781664e+01
3.471310551961263258e+01
3.471318244934082031e+01
3.471323045094808180e+01
3.471332486470540601e+01
3.471311060587564867e+01
3.471311028798421461e+01
3.471319834391275805e+01
3.471307881673177320e+01
3.471308962504068774e+01
3.471299362182617188e+01
3.471301205952962476e+01
3.471300697326660156e+01
3.471299171447753906e+01
3.471315479278564453e+01
3.471323744455973070e+01
3.471315193176269531e+01
3.471302191416422289e+01
3.471303399403890211e+01
3.471310679117838305e+01
3.471269416809082031e+01
3.471259276072184008e+01
3.471297740936279297e+01
3.471306292215982836e+01
3.471301301320394117e+01
3.471279875437418383e+01
3.471313317616780836e+01
3.471307818094889086e+01
3.471295007069905836e+01
3.471304098765055102e+01
3.471299616495767992e+01
3.471307531992594164e+01
3.471282545725504320e+01
3.471292495727539062e+01
3.471284008026123047e+01
3.471284166971842211e+01
3.471296977996826172e+01
3.471292718251546461e+01
3.471276982625325758e+01
3.471271165211995680e+01
3.471280066172281664e+01
3.471278285980224609e+01
3.471296374003092211e+01
3.471305942535400391e+01
3.471307818094889086e+01
3.471287886301676195e+01
3.471290079752603930e+01
3.471290143330892164e+01
3.471310997009277344e+01
3.471315733591715258e+01
3.471297041575113695e+01
3.471291414896646899e+01
3.471288585662841797e+01
3.471286137898763258e+01
3.471288998921712476e+01
3.471293226877848070e+01
3.471280066172281664e+01
3.471278540293375414e+01
3.471293894449869555e+01
3.471294911702474195e+01
3.471294021606445312e+01
3.471284580230712891e+01
3.471289920806884766e+01
3.471295770009358961e+01
3.471300633748372633e+01
3.471310965220133227e+01
3.471290810902913648e+01
3.471290016174316406e+01
3.471296914418538648e+01
3.471284770965576172e+01
3.471285216013590258e+01
3.471279048919677734e+01
3.471283467610677320e+01
3.471283117930094164e+01
3.471280097961425781e+01
3.471295674641927320e+01
3.471306006113687914e+01
3.471299489339192945e+01
3.471286010742187500e+01
3.471289062500000000e+01
3.471295992533365649e+01
3.471252091725667555e+01
3.471241156260172289e+01
3.471281528472900391e+01
3.471290588378906250e+01
3.471285629272460938e+01
3.471262931823730469e+01
3.471298789978027344e+01
3.471292432149251539e+01
3.471280034383138258e+01
3.471291796366373461e+01
3.471288363138834399e+01
3.471294784545898438e+01
3.471269194285074633e+01
3.471278603871663648e+01
3.471270529429117602e+01
3.471270561218261719e+01
3.471284484863281250e+01
3.471281210581461352e+01
3.471262804667154711e+01
3.471255556742350024e+01
3.471266555786132812e+01
3.471268272399902344e+01
3.471287218729654711e+01
3.471294434865315992e+01
3.471297740936279297e+01
3.471277650197347242e+01
3.471278063456217211e+01
3.471280384063720703e+01
3.471301873524983961e+01
3.471304639180501539e+01
3.471287473042806226e+01
3.471283976236978930e+01
3.471278349558512133e+01
3.471274471282958984e+01
3.471279176076253492e+01
3.471283404032389086e+01
3.471268844604492188e+01
3.471269480387369555e+01
3.471284612019857008e+01
3.471286678314208984e+01
3.471285756429036695e+01
3.471276632944742602e+01
3.471283022562662524e+01
3.471287155151367188e+01
3.471291192372640211e+01
3.471302954355875414e+01
3.471284325917562086e+01
3.471282958984375000e+01
3.471289889017740649e+01
3.471277809143066406e+01
3.471275488535562914e+01
3.471269734700521070e+01
3.471273199717203539e+01
3.471271546681722242e+01
3.471270942687988281e+01
3.471287314097086352e+01
3.471297518412271899e+01
3.471291573842366773e+01
3.471276696523030836e+01
3.471279589335123461e+01
3.471287600199381274e+01
3.471244335174560547e+01
3.471232763926187914e+01
3.471274375915527344e+01
3.471283022562662524e+01
3.471277681986490649e+01
3.471255620320638258e+01
3.471290715535482008e+01
3.471285470326741773e+01
3.471272659301757812e+01
3.471283562978108961e+01
3.471280415852864820e+01
3.471287790934244555e+01
3.471261564890543383e+01
3.471270910898844164e+01
3.471264266967773438e+01
3.471263949076334399e+01
3.471277745564778883e+01
3.471274757385253906e+01
3.471257495880126953e+01
3.471248817443847656e+01
3.471259212493896484e+01
3.471260484059651930e+01
3.471281305948892992e+01
3.471288490295410156e+01
3.471290556589762133e+01
3.471269321441650391e+01
3.471268939971923828e+01
3.471270561218261719e+01
3.471292146046956617e+01
3.471297200520833570e+01
3.471280701955159742e+01
3.471277491251627367e+01
3.471271451314290601e+01
3.471270815531412524e+01
3.471275170644124586e+01
3.471278826395670336e+01
3.471264139811197680e+01
3.471264203389485914e+01
3.471278190612792969e+01
3.471280066172281664e+01
3.471278317769368726e+01
3.471267859141031664e+01
3.471275456746419508e+01
3.471279780069986742e+01
3.471284516652425367e+01
3.471296564737955492e+01
3.471278953552246094e+01
3.471277618408203125e+01
3.471284770965576172e+01
3.471272214253743726e+01
3.471271991729736328e+01
3.471266714731851977e+01
3.471269003550211352e+01
3.471266651153564453e+01
3.471266396840413648e+01
3.471282418568929273e+01
3.471291128794351977e+01
3.471284929911295336e+01
3.471270465850830078e+01
3.471275138854980469e+01
3.471282736460367602e+01
3.471240329742431641e+01
3.471230284372965258e+01
3.471271197001139086e+01
3.471278476715087891e+01
3.471273517608642578e+01
3.471251869201660156e+01
3.471286869049072266e+01
3.471280797322591383e+01
3.471268081665039062e+01
3.471279207865396899e+01
3.471275965372721117e+01
3.471283086140950758e+01
3.471257082621256274e+01
3.471266365051269531e+01
3.471258862813314039e+01
3.471258290608724195e+01
3.471272150675455492e+01
3.471269289652506274e+01
3.471251614888509351e+01
3.471243921915689867e+01
3.471253744761148852e+01
3.471256192525228101e+01
3.471275297800699633e+01
3.471281814575195312e+01
3.471286455790201586e+01
3.471266142527262133e+01
3.471265379587809008e+01
3.471267318725585938e+01
3.471289380391439039e+01
3.471293004353841383e+01
3.471275965372721117e+01
3.471271292368570727e+01
3.471265792846679688e+01
3.471264553070068359e+01
3.471268463134765625e+01
3.471273581186930102e+01
3.471259276072184008e+01
3.471262327829996508e+01
3.471276219685872633e+01
3.471277236938476562e+01
3.471274948120117188e+01
3.471265316009521484e+01
3.471271769205728930e+01
3.471276346842447680e+01
3.471280797322591383e+01
3.471290842692057055e+01
3.471273517608642578e+01
3.471272532145182055e+01
3.471279303232828539e+01
3.471265951792398852e+01
3.471265379587809008e+01
3.471260801951090258e+01
3.471263726552327711e+01
3.471261437733968336e+01
3.471261787414550781e+01
3.471278858184814453e+01
3.471287409464517992e+01
3.471280765533447266e+01
3.471265093485514086e+01
3.471269798278808594e+01
3.471278127034505445e+01
3.471236260732015211e+01
3.471225929260253906e+01
3.471266810099283617e+01
3.471274820963541430e+01
3.471269702911376953e+01
3.471248404184976977e+01
3.471283213297525805e+01
3.471276823679605883e+01
3.471264743804931641e+01
3.471275043487548828e+01
3.471271483103434008e+01
3.471278158823648852e+01
3.471251964569091797e+01
3.471261246999105055e+01
3.471255143483480055e+01
3.471254094441732008e+01
3.471268208821614820e+01
3.471265411376953125e+01
3.471247927347818774e+01
3.471240679423014086e+01
3.471251455942789477e+01
3.471251805623372633e+01
3.471270815531412524e+01
3.471278222401937086e+01
3.471280765533447266e+01
3.471260166168212891e+01
3.471260039011637133e+01
3.471261914571126539e+01
3.471284516652425367e+01
3.471288299560546875e+01
3.471271642049153883e+01
3.471268145243326586e+01
3.471262486775716383e+01
3.471261660257975024e+01
3.471265474955240649e+01
3.471269512176513672e+01
3.471254698435465258e+01
3.471255270640055102e+01
3.471269893646240234e+01
3.471272277832031250e+01
3.471269893646240234e+01
3.471259148915608961e+01
3.471266746520996094e+01
3.471271864573160570e+01
3.471276982625325758e+01
3.471287695566812914e+01
3.471270529429117602e+01
3.471270020802815992e+01
3.471277109781900805e+01
3.471263694763183594e+01
3.471263599395751953e+01
3.471258004506429273e+01
3.471260547637939453e+01
3.471257972717285156e+01
3.471258004506429273e+01
3.471274820963541430e+01
3.471283849080403883e+01
3.471278190612792969e+01
3.471263535817464430e+01
3.471268145243326586e+01
3.471275806427001953e+01
3.471232700347900391e+01
3.471222464243570727e+01
3.471264425913492602e+01
3.471272118886312086e+01
3.471267255147298414e+01
3.471245606740315992e+01
3.471280479431152344e+01
3.471274662017822266e+01
3.471261850992838305e+01
3.471272087097167969e+01
3.471268177032470703e+01
3.471275520324707031e+01
3.471249898274739820e+01
3.471259562174478930e+01
3.471253554026285570e+01
3.471252536773681641e+01
3.471267223358154297e+01
3.471263281504312914e+01
3.471245543162027758e+01
3.471239089965820312e+01
3.471249103546142578e+01
3.471249898274739820e+01
