3.471463139851888258e+01
3.471185811360677320e+01
3.471199035644531250e+01
3.471262518564859789e+01
3.471305783589681226e+01
3.471319675445556641e+01
3.471344184875488281e+01
3.471343930562337476e+01
3.471338462829589844e+01
3.471332995096842211e+01
3.471340529123941820e+01
3.471343898773193359e+01
3.471338558197021484e+01
3.471320501963297289e+01
3.471328894297281664e+01
3.471342722574869555e+01
3.471368090311685961e+01
3.471356137593587476e+01
3.471333567301432055e+01
3.471322886149088305e+01
3.471321201324462891e+01
3.471316401163736742e+01
3.471328798929850024e+01
3.471324253082275391e+01
3.471308040618896484e+01
3.471315256754557055e+01
3.471315161387125414e+01
3.471306419372558594e+01
3.471307150522867602e+01
3.471295547485351562e+01
3.471301364898681641e+01
3.471291764577230055e+01
3.471300506591796875e+01
3.471325365702310961e+01
3.471298472086588305e+01
3.471305211385091383e+01
3.471305274963378906e+01
3.471296628316243726e+01
3.471300252278646070e+01
3.471279716491699219e+01
3.471293131510416430e+01
3.471322282155355055e+01
3.471303081512451172e+01
3.471302064259847242e+01
3.471293417612711352e+01
3.471272087097167969e+01
3.471260039011637133e+01
3.471262200673421461e+01
3.471285883585611742e+01
3.471264362335205078e+01
3.471257114410400391e+01
3.471299584706624586e+01
3.471301841735839844e+01
3.471271991729736328e+01
3.471257177988687914e+01
3.471265220642089844e+01
3.471268590291341383e+01
3.471248976389566820e+01
3.471261692047119141e+01
3.471268781026204664e+01
3.471289030710855883e+01
3.471283880869547289e+01
3.471308771769205492e+01
3.471306292215982836e+01
3.471284389495849609e+01
3.471278921763101977e+01
3.471285152435302734e+01
3.471287949879964430e+01
3.471309057871500414e+01
3.471302541097005445e+01
3.471294275919596117e+01
3.471290715535482008e+01
3.471293767293294508e+01
3.471298948923746508e+01
3.471296151479085523e+01
3.471276346842447680e+01
3.471286169687906664e+01
3.471301428476969164e+01
3.471326414744059008e+01
3.471316941579183180e+01
3.471296787261962891e+01
3.471287727355957031e+01
3.471285851796468336e+01
3.471282068888346117e+01
3.471296437581380445e+01
3.471292273203531664e+01
3.471275329589843750e+01
3.471284008026123047e+01
3.471285279591878492e+01
3.471277999877929688e+01
3.471280924479166430e+01
3.471270434061685961e+01
3.471276410420735914e+01
3.471266301472982008e+01
3.471274979909261305e+01
3.471299743652343750e+01
3.471272913614908617e+01
3.471279970804850024e+01
3.471280574798583984e+01
3.471269766489664477e+01
3.471275329589843750e+01
3.471255524953206617e+01
3.471269734700521070e+01
3.471297518412271899e+01
3.471278285980224609e+01
3.471279303232828539e+01
3.471270052591959399e+01
3.471248308817545336e+01
3.471238358815511305e+01
3.471240297953287524e+01
3.471263949076334399e+01
3.471241887410482008e+01
3.471234798431396484e+01
3.471278349558512133e+01
3.471281274159749586e+01
3.471252568562825758e+01
3.471238327026367188e+01
3.471246941884358961e+01
3.471249993642171461e+01
3.471230475107828539e+01
3.471243031819661695e+01
3.471250629425048828e+01
3.471271292368570727e+01
3.471265697479248047e+01
3.471290588378906250e+01
3.471287822723388672e+01
3.471266333262125414e+01
3.471260452270507812e+01
3.471267255147298414e+01
3.471268812815348070e+01
3.471288744608560961e+01
3.471282482147216797e+01
3.471274979909261305e+01
3.471271928151448805e+01
3.471275393168131274e+01
3.471281210581461352e+01
3.471278572082519531e+01
3.471259784698486328e+01
3.471269766489664477e+01
3.471285184224446851e+01
3.471309979756673414e+01
3.471300284067789477e+01
3.471280606587728101e+01
3.471272023518880445e+01
3.471270497639974195e+01
3.471267795562744141e+01
3.471281305948892992e+01
3.471276887257894117e+01
3.471260229746500414e+01
3.471268431345621508e+01
3.471270306905110914e+01
3.471262296040853101e+01
3.471263917287190992e+01
3.471253172556559008e+01
3.471259784698486328e+01
3.471250756581624586e+01
3.471260229746500414e+01
3.471285088857015211e+01
3.471258099873860914e+01
3.471265188852945727e+01
3.471266810099283617e+01
3.471257177988687914e+01
3.471262454986572266e+01
3.471242078145345289e+01
3.471255715688069898e+01
3.471284008026123047e+01
3.471264425913492602e+01
3.471264680226644117e+01
3.471255524953206617e+01
3.471234575907389086e+01
3.471224339803060133e+01
3.471226469675699633e+01
3.471249834696451586e+01
3.471228186289469164e+01
3.471221129099527758e+01
3.471263917287190992e+01
3.471266365051269531e+01
3.471238358815511305e+01
3.471224053700765211e+01
3.471233208974202711e+01
3.471235243479410570e+01
3.471215756734212476e+01
3.471228599548339844e+01
3.471236038208007812e+01
3.471256542205810547e+01
3.471250756581624586e+01
3.471276156107584399e+01
3.471273676554361742e+01
3.471252632141113281e+01
3.471246274312337476e+01
3.471252918243408203e+01
3.471255366007486742e+01
3.471275170644124586e+01
3.471269543965657789e+01
3.471262645721435547e+01
3.471259562174478930e+01
3.471261978149414062e+01
3.471268685658773023e+01
3.471266206105550367e+01
3.471247132619222242e+01
3.471256256103515625e+01
3.471271673838297289e+01
3.471298726399739820e+01
3.471288172403971117e+01
3.471268018086751539e+01
3.471259180704752367e+01
3.471258068084716797e+01
3.471254889170328539e+01
3.471268749237060547e+01
3.471265379587809008e+01
3.471248435974121094e+01
3.471256955464681226e+01
3.471258544921875000e+01
3.471250502268473070e+01
3.471250820159912109e+01
3.471240711212158203e+01
3.471248308817545336e+01
3.471239439646402758e+01
3.471248531341552734e+01
3.471273899078369141e+01
3.471246592203775805e+01
3.471253681182861328e+01
3.471254062652587891e+01
3.471244398752848070e+01
3.471249516805013258e+01
3.471229394276937086e+01
3.471242427825927734e+01
3.471270561218261719e+01
3.471252028147379320e+01
3.471252314249674242e+01
3.471242682139078539e+01
3.471221669514974195e+01
3.471212196350097656e+01
3.471214103698730469e+01
3.471237436930338305e+01
3.471216106414794922e+01
3.471209271748860914e+01
3.471251392364501953e+01
3.471253013610839844e+01
3.471226882934570312e+01
3.471213150024414062e+01
3.471221669514974195e+01
3.471222782135009766e+01
3.471202500661214430e+01
3.471216169993082445e+01
3.471224498748779297e+01
3.471244239807128906e+01
3.471238390604654711e+01
3.471264139811197680e+01
3.471261374155680102e+01
3.471240297953287524e+01
3.471234353383382398e+01
3.471241823832193774e+01
3.471243572235107422e+01
3.471263694763183594e+01
3.471258290608724195e+01
3.471251265207926195e+01
3.471248976389566820e+01
3.471250724792480469e+01
3.471257464090982836e+01
3.471255493164062500e+01
3.471235561370849609e+01
3.471244366963704664e+01
3.471259053548177320e+01
3.471285152435302734e+01
3.471275297800699633e+01
3.471255397796630859e+01
3.471246782938639086e+01
3.471246782938639086e+01
3.471243635813394945e+01
3.471256701151529711e+01
3.471253490447998047e+01
3.471236705780029297e+01
3.471245765686035156e+01
3.471247863769531250e+01
3.471239503224690992e+01
3.471239789326985914e+01
3.471230316162109375e+01
3.471237691243489820e+01
3.471228663126627367e+01
3.471238040924072266e+01
3.471262995402017992e+01
3.471235243479410570e+01
3.471242682139078539e+01
3.471242936452230055e+01
3.471233240763346117e+01
3.471237818400064867e+01
3.471217346191406250e+01
3.471231555938720703e+01
3.471259848276773852e+01
3.471241124471028883e+01
3.471241219838460523e+01
3.471233367919921875e+01
3.471212927500406664e+01
3.471202818552652758e+01
3.471205043792724609e+01
3.471227200826009351e+01
3.471205043792724609e+01
3.471198145548502367e+01
3.471239630381266039e+01
3.471240965525309008e+01
3.471214167277017992e+01
3.471200497945149976e+01
3.471209176381429273e+01
3.471211560567220289e+01
3.471191978454589844e+01
3.471205393473307055e+01
3.471214262644449633e+01
3.471234989166259766e+01
3.471228472391764086e+01
3.471253363291422289e+01
3.471251169840494555e+01
3.471231142679850024e+01
3.471224753061930102e+01
3.471232191721598070e+01
3.471234671274820727e+01
3.471255429585774976e+01
3.471249961853027344e+01
3.471241792043050367e+01
3.471238708496093750e+01
3.471240361531575758e+01
3.471247355143228930e+01
3.471244144439697266e+01
3.471224625905355055e+01
3.471233876546224195e+01
3.471248563130696851e+01
3.471275870005289477e+01
3.471265888214111328e+01
3.471245670318603516e+01
3.471236896514892578e+01
3.471236673990885180e+01
3.471233558654785156e+01
3.471247132619222242e+01
3.471244112650553149e+01
3.471227200826009351e+01
3.471235783894857008e+01
3.471237977345784742e+01
3.471229267120361328e+01
3.471229267120361328e+01
3.471220016479492188e+01
3.471229076385498047e+01
3.471219380696614820e+01
3.471227200826009351e+01
3.471253108978271484e+01
3.471226215362548828e+01
3.471233940124511719e+01
3.471234385172525805e+01
3.471223481496175367e+01
3.471227741241455078e+01
3.471207364400228101e+01
3.471221256256103516e+01
3.471250057220458984e+01
3.471231110890706617e+01
3.471231301625569898e+01
3.471222114562988281e+01
3.471200942993164062e+01
3.471192232767740649e+01
3.471195062001546461e+01
3.471217091878255445e+01
3.471193695068359375e+01
3.471187369028726977e+01
3.471230379740396899e+01
3.471231365203857422e+01
3.471204439798990649e+01
3.471190834045410156e+01
3.471199512481689453e+01
3.471201070149739820e+01
3.471182441711425781e+01
3.471195475260416430e+01
3.471203295389810961e+01
3.471224149068196851e+01
3.471218808492024976e+01
