3.559399525324503433e+00
3.550291260083516587e+00
3.566671212514241684e+00
3.582555830478668213e+00
3.596337616443634033e+00
3.607668638229370117e+00
3.615602890650431167e+00
3.623462955156961929e+00
3.631164908409118652e+00
3.638615429401397705e+00
3.645789961020151626e+00
3.652358392874399673e+00
3.658391257127126206e+00
3.666460871696472168e+00
3.673291265964508057e+00
3.677120586236318101e+00
3.683279454708099365e+00
3.689409593741098892e+00
3.696640908718109131e+00
3.702605923016866196e+00
3.708416124184926499e+00
3.714230199654897202e+00
3.719083547592163086e+00
3.723812619845072280e+00
3.728073716163635254e+00
3.729571382204691421e+00
3.733389218648274888e+00
3.738314747810363770e+00
3.742628812789916992e+00
3.745963493982950698e+00
3.749983032544454087e+00
3.755363464355468750e+00
3.758892695109049331e+00
3.761345406373342026e+00
3.761759062608083237e+00
3.761905213197072495e+00
3.764099518458048355e+00
3.767000595728556167e+00
3.770562370618184556e+00
3.774033149083455552e+00
3.775822877883911133e+00
3.779170552889505874e+00
3.783711751302083481e+00
3.788559297720591079e+00
3.792263110478719224e+00
3.795014103253682602e+00
3.798318922519683838e+00
3.800521274407704819e+00
3.804416616757710923e+00
3.807707329591115464e+00
3.811875820159912109e+00
3.816105206807454575e+00
3.818286200364430893e+00
3.822096467018127441e+00
3.825864295164743911e+00
3.829762339591979980e+00
3.833049595355987549e+00
3.835692962010701645e+00
3.838436265786488999e+00
3.843305031458536636e+00
3.847048481305440415e+00
3.844221433003743638e+00
3.842337826887766372e+00
3.841397285461425781e+00
3.842378795146942139e+00
3.843570768833160400e+00
3.844127893447875977e+00
3.842426220575968276e+00
3.841930409272511948e+00
3.842422505219777573e+00
3.843559523423512925e+00
3.845613141854604233e+00
3.847492635250091553e+00
3.849271913369496811e+00
3.853048245112101089e+00
3.855981508890787612e+00
3.856426914532979477e+00
3.859008093674977768e+00
3.861581742763519287e+00
3.865324159463246811e+00
3.868160426616668701e+00
3.870814780394236099e+00
3.873753726482391357e+00
3.876076718171437729e+00
3.878423154354095459e+00
3.880269010861714829e+00
3.879319270451863755e+00
3.881006022294362534e+00
3.883913755416870117e+00
3.886369566122690689e+00
3.888327201207478989e+00
3.890815714995066177e+00
3.894628147284189712e+00
3.896162192026773941e+00
3.896897931893666733e+00
3.895952423413594712e+00
3.894711534182230483e+00
3.895518501599629868e+00
3.897073884805043686e+00
3.899071355660756577e+00
3.901190241177876938e+00
3.901571810245513916e+00
3.903562148412068833e+00
3.906768818696340073e+00
3.910219927628835190e+00
3.912571847438812256e+00
3.914072374502817642e+00
3.916283369064331055e+00
3.917576869328816880e+00
3.920261561870574951e+00
3.922251621882120620e+00
3.925177693367004395e+00
3.928298374017079819e+00
3.929048577944437515e+00
3.931550522645314683e+00
3.934269885222116958e+00
3.936893343925476074e+00
3.939086039861043442e+00
3.940819760163625229e+00
3.942693750063578140e+00
3.946998437245686997e+00
3.950084984302520752e+00
3.946540911992391099e+00
3.943897287050882827e+00
3.942060391108194839e+00
3.942089478174845230e+00
3.942499279975891113e+00
3.942283093929290771e+00
3.939805150032043457e+00
3.938605030377706040e+00
3.938299000263214111e+00
3.938701808452606201e+00
3.939934631188710679e+00
3.940952142079671372e+00
3.942115366458892822e+00
3.945109287897745620e+00
3.947330832481384277e+00
3.947313368320465088e+00
3.949203173319498550e+00
3.951032956441243638e+00
3.954206605752309311e+00
3.956488351027170669e+00
3.958571990331014145e+00
3.961018959681192886e+00
3.962914367516835679e+00
3.964924991130828857e+00
3.966282983620961655e+00
3.964910686016082764e+00
3.965899050235748291e+00
3.967896064122518052e+00
3.969494918982187759e+00
3.970803399880727280e+00
3.972629388173421372e+00
3.975693484147389878e+00
3.976596931616465103e+00
3.976803322633107651e+00
3.975493987401326645e+00
3.973798811435699463e+00
3.974058826764424790e+00
3.974985321362813462e+00
3.976542810599009048e+00
3.978134572505950928e+00
3.978047271569570054e+00
3.979438006877899170e+00
3.982005397478739273e+00
3.984751661618550767e+00
3.986428240935007583e+00
3.987283587455749512e+00
3.988868753115335952e+00
3.989513695240020752e+00
3.991479317347208511e+00
3.992791235446929932e+00
3.995054701964060317e+00
3.997541646162668716e+00
3.997623860836029053e+00
3.999529004096984863e+00
4.001648465792338349e+00
4.003726005554199219e+00
4.005350629488627412e+00
4.006445447603861787e+00
4.007604241371154785e+00
4.011236707369486787e+00
4.013724525769551299e+00
4.009598414103190400e+00
4.006242354710896514e+00
4.003649334112803437e+00
4.003020048141479492e+00
4.002908329168955781e+00
4.002244770526885986e+00
3.999411324659983169e+00
3.998000363508860122e+00
3.997484465440114487e+00
3.997529248396555435e+00
3.998381574948628892e+00
3.999041418234507095e+00
3.999776661396026611e+00
4.002242386341094971e+00
4.003846426804860137e+00
4.003290017445881865e+00
4.004568517208099365e+00
4.005852421124775908e+00
4.008389711380004883e+00
4.010106126467387178e+00
4.011731346448262236e+00
4.013663450876872041e+00
4.015069683392842315e+00
4.016690135002136230e+00
4.017528494199116729e+00
4.015587528546650908e+00
4.016093691190083526e+00
4.017593344052632354e+00
4.018655101458231904e+00
4.019379218419392608e+00
4.020529389381408691e+00
4.022906422615051270e+00
4.023178100585937500e+00
4.022907137870788574e+00
4.021098494529724121e+00
4.018911480903625488e+00
4.018659790356953643e+00
4.018943548202514648e+00
4.019943753878275849e+00
4.021084268887837432e+00
4.020412762959797881e+00
4.021136244138081572e+00
4.023085991541544892e+00
4.025291562080383301e+00
4.026591340700785615e+00
4.027148524920145967e+00
4.028345306714375518e+00
4.028573870658874512e+00
4.030123511950175264e+00
4.030859947204589844e+00
4.032681544621785186e+00
4.034715572992960908e+00
4.034321904182434082e+00
4.035761992136637666e+00
4.037434260050456025e+00
4.039128104845683076e+00
4.040326476097106934e+00
4.041086395581563018e+00
4.041927854220072724e+00
4.045253117879231475e+00
4.047439734141032197e+00
4.042962710062663056e+00
4.039291818936665557e+00
4.036438028017680146e+00
4.035512646039326690e+00
4.035069187482197783e+00
4.034017244974772431e+00
4.030770659446716309e+00
4.028946995735168457e+00
4.028058687845866181e+00
4.027700344721476533e+00
4.028151194254557588e+00
4.028379599253336885e+00
4.028663277626037598e+00
4.030701597531636260e+00
4.031995773315429688e+00
4.031067291895548799e+00
4.031840244928996064e+00
4.032596151034037568e+00
4.034657359123229980e+00
4.035985231399536133e+00
4.037193616231282256e+00
4.038610061009724639e+00
4.039524157842000029e+00
4.040791352589924834e+00
4.041324337323506377e+00
4.039073069890339873e+00
4.039336721102396943e+00
4.040765166282653809e+00
4.041823069254557588e+00
4.042525887489318848e+00
4.043728311856587432e+00
4.046153267224629424e+00
4.046319842338562012e+00
4.045813043912251494e+00
4.043773293495178223e+00
4.041343808174133301e+00
4.040848135948181152e+00
4.040929238001505830e+00
4.041672348976135254e+00
4.042635917663574219e+00
4.041791717211405732e+00
4.042272528012593291e+00
4.043929139773051240e+00
4.045843521753947236e+00
4.046894232432047822e+00
4.047183235486348174e+00
4.048043092091877959e+00
4.047949274381001494e+00
4.049286683400471709e+00
4.049749374389648438e+00
4.051427205403645537e+00
4.053315401077270508e+00
4.052773555119832061e+00
4.054028868675231934e+00
4.055504083633422852e+00
4.056995391845703125e+00
4.058007597923278809e+00
4.058549960454304717e+00
4.059166669845581055e+00
4.062235037485758760e+00
4.064207553863525391e+00
4.059621493021647431e+00
4.055783947308857940e+00
4.052665909131367705e+00
4.051562547683715820e+00
4.050967772801716826e+00
4.049770116806030273e+00
4.046396255493164062e+00
4.044534722963969209e+00
4.043637037277221680e+00
4.043317516644795440e+00
4.043662309646606445e+00
4.043665488560994170e+00
4.043743809064229033e+00
4.045577327410380342e+00
4.046636780103047393e+00
4.045467019081115723e+00
4.046046614646911621e+00
4.046699881553649902e+00
4.048663099606831572e+00
4.049924810727437041e+00
4.051145037015278838e+00
4.052495956420898438e+00
4.053343057632446289e+00
4.054524819056193330e+00
4.054936329523722627e+00
4.052500327428181670e+00
4.052526632944743135e+00
4.053723136583964326e+00
4.054471294085185029e+00
4.054865837097167969e+00
4.055815180142720244e+00
4.058088461558024385e+00
4.058174371719360352e+00
4.057718515396118164e+00
4.055828730265299775e+00
4.053464134534199736e+00
4.052892963091532685e+00
4.052909731864929199e+00
4.053572416305541992e+00
4.054389397303263642e+00
4.053444981575012207e+00
4.053840676943461396e+00
4.055533846219380401e+00
4.057452440261840820e+00
4.058444579442341826e+00
4.058704654375712373e+00
4.059507687886555694e+00
4.059298594792683623e+00
4.060474077860514619e+00
4.060848712921142578e+00
4.062477111816406250e+00
4.064253091812133789e+00
4.063611984252929688e+00
4.064795056978861787e+00
4.066054503122965791e+00
4.067356944084167480e+00
4.068120718002319336e+00
4.068520744641621611e+00
4.068994243939717315e+00
4.071885863939921357e+00
4.073635061581929229e+00
