3.571644206841786851e+00
3.582299729188283433e+00
3.613182604312896729e+00
3.637909332911173355e+00
3.656885286172231186e+00
3.673381646474202622e+00
3.685293634732564438e+00
3.697393258412679184e+00
3.709315955638885498e+00
3.720302422841390122e+00
3.727820058663686265e+00
3.735481242338816177e+00
3.741894761721292983e+00
3.750024477640787612e+00
3.757384379704793442e+00
3.764380713303884018e+00
3.766040980815887451e+00
3.767660101254781235e+00
3.771223922570546616e+00
3.774560769399007309e+00
3.778803348541259766e+00
3.784793476263681899e+00
3.787786384423573960e+00
3.791991611321767319e+00
3.797244052092234146e+00
3.800646742184957017e+00
3.803476452827453613e+00
3.806930144627889145e+00
3.811301012833913315e+00
3.816388547420501709e+00
3.819237709045410156e+00
3.824261824289957534e+00
3.827895263830820571e+00
3.831344207127889145e+00
3.834311544895172119e+00
3.834001203378041733e+00
3.836147248744964600e+00
3.837889969348907471e+00
3.838317632675170898e+00
3.840873241424560547e+00
3.844367444515228271e+00
3.848528623580932617e+00
3.851869563261667739e+00
3.852548599243164062e+00
3.850305795669555664e+00
3.848717788855234634e+00
3.850222448507944595e+00
3.854354778925577651e+00
3.858287711938222397e+00
3.862318476041158188e+00
3.865384280681610107e+00
3.866515894730885972e+00
3.868852555751800537e+00
3.874287267525990952e+00
3.877883613109588623e+00
3.881156365076700698e+00
3.883954008420308579e+00
3.886188228925069321e+00
3.889125506083170425e+00
3.891268511613210190e+00
3.894871016343434800e+00
3.898827274640401352e+00
3.897026638189951431e+00
3.898176193237304688e+00
3.903645694255828857e+00
3.908485213915506851e+00
3.912354369958241929e+00
3.916100462277730454e+00
3.916878084341684829e+00
3.919224123160044204e+00
3.923242072264353286e+00
3.927651882171630859e+00
3.929416239261627197e+00
3.931521038214365493e+00
3.932798345883687485e+00
3.936136543750762939e+00
3.939273556073506821e+00
3.942686319351196289e+00
3.941573321819305420e+00
3.940515120824178208e+00
3.941445748011271011e+00
3.942248066266377915e+00
3.944132129351297866e+00
3.947910050551096450e+00
3.948863406976064194e+00
3.950986107190450181e+00
3.954247514406839858e+00
3.956061303615570068e+00
3.957379301389058579e+00
3.959186772505442153e+00
3.961805780728658188e+00
3.965115686257680405e+00
3.966310858726501465e+00
3.969772954781850327e+00
3.971907814343770493e+00
3.974080324172973633e+00
3.975770612557729233e+00
3.974210540453592788e+00
3.975133180618286133e+00
3.975717027982076157e+00
3.974788725376129150e+00
3.976035555203755845e+00
3.978325208028157700e+00
3.981322626272837173e+00
3.983303924401601304e+00
3.982583026091257583e+00
3.979121069113413345e+00
3.976428488890329849e+00
3.976832171281178940e+00
3.979746202627817642e+00
3.982466081778208267e+00
3.985408663749694824e+00
3.987240374088287354e+00
3.987078448136647690e+00
3.988185862700144302e+00
3.992350598176320542e+00
3.994760115941365708e+00
3.996992131074269761e+00
3.998545487721761216e+00
3.999495685100555420e+00
4.001148025194804170e+00
4.002082328001658418e+00
4.004421234130859375e+00
4.007067561149597168e+00
4.004043658574421904e+00
4.004095435142517090e+00
4.008422772089640596e+00
4.011988083521525361e+00
4.014760494232177734e+00
4.017598668734232881e+00
4.017449498176574707e+00
4.018860697746276855e+00
4.022017478942871094e+00
4.025622447331746123e+00
4.026799519856770537e+00
4.028146664301554658e+00
4.028673529624938965e+00
4.031062046686808564e+00
4.033259987831115723e+00
4.035715023676554658e+00
4.033729672431945801e+00
4.031823198000590303e+00
4.031845331192016602e+00
4.031680385271708467e+00
4.032519618670145967e+00
4.035131017367045381e+00
4.035081346829731963e+00
4.036225239435832002e+00
4.038528442382812500e+00
4.039600928624470733e+00
4.040041327476501465e+00
4.041084249814351104e+00
4.043114741643269561e+00
4.046065131823222139e+00
4.047011971473693848e+00
4.050172448158264160e+00
4.051971912384033203e+00
4.053822398185729980e+00
4.055127620697021484e+00
4.053234259287516572e+00
4.053732514381408691e+00
4.053672075271606445e+00
4.051929752031962373e+00
4.052297631899516084e+00
4.053731362024943330e+00
4.055777152379353545e+00
4.056628068288167022e+00
4.055116772651672363e+00
4.051111777623494170e+00
4.047678709030151367e+00
4.047242999076843262e+00
4.049405892690022490e+00
4.051517526308695771e+00
4.053806026776631377e+00
4.055023749669392608e+00
4.054153124491373994e+00
4.054482698440551758e+00
4.058005571365356445e+00
4.059885621070861816e+00
4.061544815699259736e+00
4.062538663546244599e+00
4.062994480133056641e+00
4.064087669054667451e+00
4.064442197481791474e+00
4.066317200660705566e+00
4.068452000617980957e+00
4.064940889676411651e+00
4.064614176750183105e+00
4.068454980850219727e+00
4.071440537770588897e+00
4.073707222938537598e+00
4.076066335042317412e+00
4.075564742088317871e+00
4.076484441757202148e+00
4.079204599062602021e+00
4.082304636637370088e+00
4.083042224248250029e+00
4.083884119987487793e+00
4.083823243776957490e+00
4.085555672645568848e+00
4.087283054987589814e+00
4.089334885279337861e+00
4.086967746416727998e+00
4.084681193033854463e+00
4.084231535593668916e+00
4.083654999732971191e+00
4.083986481030781768e+00
4.085981686909993194e+00
4.085552851359049775e+00
4.086416085561116240e+00
4.088418165842692353e+00
4.089104652404785156e+00
4.089066425959269502e+00
4.089619239171345733e+00
4.091285188992817901e+00
4.093867977460225127e+00
4.094410697619120576e+00
4.096923033396403291e+00
4.097894986470540069e+00
4.099026083946228027e+00
4.099491318066914580e+00
4.096765319506327607e+00
4.096724708875020049e+00
4.096193194389343262e+00
4.094000498453776338e+00
4.093855897585551240e+00
4.094853639602661133e+00
4.096496661504109404e+00
4.096883138020833037e+00
4.094870368639628389e+00
4.090591073036193848e+00
4.086947600046793916e+00
4.086195627848307588e+00
4.087958494822184541e+00
4.089672883351643584e+00
4.091419935226440430e+00
4.092034816741943359e+00
4.090570886929829619e+00
4.090459664662678740e+00
4.093558073043823242e+00
4.094944437344868682e+00
4.096128861109415986e+00
4.096726814905802705e+00
4.096934398015339873e+00
4.097686807314555146e+00
4.097616990407307647e+00
4.099283059438069365e+00
4.101283391316731475e+00
4.097613930702209473e+00
4.097236156463623047e+00
4.100975235303242705e+00
4.103854695955912568e+00
4.105884949366251924e+00
4.108099381128947236e+00
4.107256134351094268e+00
4.107898950576782227e+00
4.110174536705017090e+00
4.112809379895527861e+00
4.113186120986938477e+00
4.113501071929931641e+00
4.112970232963562012e+00
4.114342610041300752e+00
4.115632732709248565e+00
4.117382168769836426e+00
4.114814480145772002e+00
4.112400571505228974e+00
4.111884276072184541e+00
4.111272454261779785e+00
4.111441731452941895e+00
4.113293170928955078e+00
4.112819353739420869e+00
4.113536556561787627e+00
4.115387519200642608e+00
4.115941842397053740e+00
4.115742882092793486e+00
4.116107622782389619e+00
4.117575327555338838e+00
4.120021621386210420e+00
4.120329300562540986e+00
4.122655948003132842e+00
4.123439073562622070e+00
4.124465703964233398e+00
4.124899586041768096e+00
4.122070630391438506e+00
4.121897459030151367e+00
4.121295650800068877e+00
4.119040767351786592e+00
4.118641177813212373e+00
4.119331479072570801e+00
4.120577931404113770e+00
4.120641867319743135e+00
4.118496417999267578e+00
4.114069422086079619e+00
4.110100467999775908e+00
4.109022100766499541e+00
4.110470890998840332e+00
4.111785570780436494e+00
4.113277316093444824e+00
4.113658428192138672e+00
4.111910303433735869e+00
4.111631711324055694e+00
4.114764730135600068e+00
4.116320093472798369e+00
4.117648124694824219e+00
4.118493000666300752e+00
4.118852615356445312e+00
4.119785626729329131e+00
4.119814197222392060e+00
4.121241966883341767e+00
4.122934778531392119e+00
4.119146188100178740e+00
4.118716120719909668e+00
4.122164169947306611e+00
4.124746123949686982e+00
4.126522461573283174e+00
4.128441254297892549e+00
4.127362211545308135e+00
4.127618432044982910e+00
4.129653930664062500e+00
4.132051467895507812e+00
4.132162451744079590e+00
4.132296204566955566e+00
4.131473382314045928e+00
4.132671793301899932e+00
4.133965810139973662e+00
4.135704437891642549e+00
4.133087833722432158e+00
4.130563338597615264e+00
4.129937807718913056e+00
4.129184683163960479e+00
4.129090785980224609e+00
4.130637208620707490e+00
4.129790703455607392e+00
4.130264282226562500e+00
4.131965120633442901e+00
4.132314960161845185e+00
4.131955742835998535e+00
4.132158120473225615e+00
4.133639057477314971e+00
4.135952671368916533e+00
4.136145035425822236e+00
4.138135671615600586e+00
4.138566772143046357e+00
4.139326294263203643e+00
4.139405012130737305e+00
4.136209090550740264e+00
4.135681629180908203e+00
4.134727398554484346e+00
4.132152517636616729e+00
4.131715734799702666e+00
4.132367730140686035e+00
4.133504907290141084e+00
4.133281826972961426e+00
4.130999803543090820e+00
4.126461704572041533e+00
4.122474114100138642e+00
4.121415654818217256e+00
4.122826536496480010e+00
4.124195814132690430e+00
4.125701506932576201e+00
4.126000444094340303e+00
4.124165256818135283e+00
4.123781085014343262e+00
4.126743197441101074e+00
4.128073096275329590e+00
4.129206339518229463e+00
4.129604101181030273e+00
4.129569530487060547e+00
4.130264123280842803e+00
4.130146503448486328e+00
4.131453514099121094e+00
4.132919073104858398e+00
